bow_1: 0.9749702520287142, 0.4144049903404345
bow_2: 0.9817754771096991, 0.4242021349276659
bow_3: 0.9756365149623579, 0.43798211505469814
bow_4: 0.9746227142542413, 0.5239116064739467
bow_5: 0.9713764202840884, 0.4179220019873082
