accuracy: 0.9693960048919112
f1-score: 0.07449674205701945
preprocessing_time: 0.2078568935394287
preprocessing_time + training_time: 3.362692928314209
epochs, batch_size = 10, 32