w2vec_1: 0.26591760299625467, 0.22841383996110187
w2vec_2: 0.30337078651685395, 0.241530019025062
w2vec_3: 0.4756554307116105, 0.4518767386144852
w2vec_4: 0.4044943820224719, 0.36790109735589993
w2vec_5: 0.35580524344569286, 0.3206425993621179
