accuracy: 0.9570641590547154
f1-score: 0.19675558273423946
preprocessing_time: 1.0577809810638428
preprocessing_time + training_time: 537.5104268550873
epochs, batch_size = 500, 32