w2vec_1: 0.21722846441947566, 0.1609813364062503
w2vec_2: 0.30337078651685395, 0.2759216675528182
w2vec_3: 0.41947565543071164, 0.40396991088330303
w2vec_4: 0.3595505617977528, 0.32643179928015703
w2vec_5: 0.4344569288389513, 0.4022713284610178
w2vec_1: 0.13108614232209737, 0.08046949442535524
w2vec_2: 0.30711610486891383, 0.2532497172079186
w2vec_3: 0.34831460674157305, 0.30838817655876827
w2vec_4: 0.33707865168539325, 0.29265527825812376
w2vec_5: 0.250936329588015, 0.20002886720048535
