w2vec_1: 0.08614232209737828, 0.04904364731153018
w2vec_2: 0.30711610486891383, 0.24895773805886162
w2vec_3: 0.3408239700374532, 0.3058884444222711
w2vec_4: 0.40823970037453183, 0.3718604564246802
w2vec_5: 0.31086142322097376, 0.25983806799891956
